! 141
" 44
# 31
$ 20
% 1
& 7
' 127
( 2359
) 2324
* 126
+ 48
, 3438
- 8652
. 2219
0 12393
1 16562
2 8057
3 5735
4 4744
5 5859
6 4327
7 3670
8 4906
9 10106
: 386
; 167
< 105
= 47
> 117
? 670
@ 14
A 1365
B 697
C 1178
D 785
E 763
F 611
G 394
H 392
I 882
J 214
K 418
L 463
M 739
N 517
O 713
P 785
Q 170
R 503
S 838
T 713
U 341
V 302
W 312
X 182
Y 133
Z 51
[ 298
\ 10
] 299
^ 25
_ 220
a 1378
b 340
c 431
d 281
e 1261
f 105
g 290
h 316
i 997
j 117
k 258
l 622
m 501
n 1057
o 773
p 319
q 35
r 749
s 548
t 766
u 291
v 131
w 137
x 72
y 185
z 53
{ 60
| 27
} 60
~ 99
 62122
 172649
 525
 528
 4017
 3988
 100
 98
 51
 49
 11944
 11885
 2771
 2734
 530
 525
 97
 97
 202
 199
 110
 17
 12
 68
 5
 1
 138
 49
 58
 5
 40
 8
 3
 21
 36
 16
 4
 4
 2
 9497
 511
 9
 383
 3
 29
 8896
 8707
 32
 14
 382784
 951
 1327
 133
 1658
 2065
 1094
 914
 664
 945
 597
 439
 591
 1087
 25662
 10082
 15
 18
 18
 12437
 206
 134
 118
 73
 66
 86
 37
 69
 80
 15
 41
 56
 53
 80
 47
 68
 20
 35
 110
 92
 30
 30
 16
 36
 13
 3
 293
 39
 88
 7
 14
 9
 63
 9
 25
 9
 68
 3
 26
 28
 19
 51
 67
 9
 44
 38
 40
 25
 5
 4
 11
 25
 2
 1205
 1639
 313
 135
 85
 108
 294
 18
 45
 22
 160
 333
 319
 3818
 61
 64
 62
 5427
 41
 2186
 1493
 823
 13
 1710
 9
 207
 41
 107
 46
 58
 11
 27
 184
 963
 23
 1209
 101
 1
 54
 71
 1946
 9
 3472
 32
 1520
 666
 82
 26
 7788
 10
 207
 284
 517
 433
 6095
 326
 4163
 582
 7
 1370
 940
 26
 244
 1099
 271
 138
 2536
 299
 1454
 2317
 412
 83
 632
 39
 2672
 4427
 30
 672
 1715
 35
 210
 113
 125
 237
 78
 36
 25
 141
 26
 20
 265
 2967
 52
 191
 495
 15
 5213
 264
 180
 3115
 774
 4633
 614
 251
 73
 499
 738
 597
 571
 197
 8595
 592
 1651
 618
 1
 509
 58
 3245
 30
 16
 7227
 850
 21
 13188
 108
 125
 47
 8
 102
 58
 48
 468
 341
 5962
 78
 1779
 459
 245
 1
 124
 996
 112
 3
 874
 30
 18
 593
 83
 104
 4711
 319
 933
 568
 1026
 106
 692
 3789
 1890
 75
 89
 5212
 5599
 14
 230
 284
 42
 822
 2808
 119
 5
 7637
 15
 20
 5611
 3
 154
 72
 59
 198
 861
 7
 3777
 1241
 346
 99
 85
 161
 52
 1706
 8503
 248
 20
 1212
 286
 67
 1218
 1622
 330
 156
 10
 22
 1249
 102
 47
 100
 50
 69
 259
 100
 518
 263
 32
 1069
 54
 63242
 3408
 4064
 78
 11928
 243
 244
 277
 314
 1794
 5940
 1563
 42
 131
 2371
 1865
 815
 256
 821
 3535
 89
 637
 73
 344
 135
 381
 100
 277
 84
 2782
 670
 58
 64
 405
 1913
 95
 1375
 1007
 703
 1834
 2183
 14
 463
 261
 13
 1703
 2208
 5
 22
 1748
 57
 1644
 58
 320
 311
 11
 17
 63
 61
 12
 22
 358
 63
 6111
 391
 180
 588
 19
 5717
 403
 6731
 11400
 263
 168
 1081
 96
 393
 1342
 249
 1729
 177
 122
 2575
 104
 703
 360
 148
 194
 6504
 186
 263
 41
 379
 45
 6
 953
 331
 336
 383
 37
 1276
 2133
 195
 229
 217
 4049
 5295
 29
 19288
 627
 1101
 6076
 141
 110
 652
 2975
 54
 28
 22
 2423
 130
 3550
 228
 645
 458
 59
 368
 133
 347
 68
 522
 620
 148
 184
 47
 1791
 2279
 658
 568
 199
 610
 126
 95
 40
 47
 213
 470
 437
 157
 32
 337
 231
 2595
 26699
 53
 157
 40
 42
 258
 3
 2661
 2286
 1385
 240
 27
 7
 639
 7002
 69
 999
 1349
 16
 5710
 1534
 136
 225
 50
 809
 81
 628
 334
 3127
 410
 31
 23
 80
 480
 1765
 12
 63
 225
 108
 751
 82
 357
 60
 23
 60
 375
 125
 708
 309
 928
 1293
 11233
 963
 285
 7604
 291
 108
 8
 249
 10531
 341
 163
 516
 40
 55
 811
 3
 30
 154
 153
 227
 181
 178
 12
 151
 4
 277
 1283
 3375
 318
 38
 28
 79
 449
 124
 1618
 385
 4303
 1985
 9
 5927
 39241
 515
 104
 44
 637
 4365
 66
 10312
 206
 435
 2028
 79
 106
 64
 1460
 1143
 4007
 45
 6
 466
 514
 21
 10313
 29
 659
 309
 982
 958
 12328
 338
 1958
 456
 550
 1595
 82
 380
 1866
 802
 60
 3897
 29757
 424
 72
 20795
 426
 3948
 18866
 232151
 39
 1001
 1566
 13216
 144
 52
 322
 183
 2131
 243
 580
 2089
 85
 92
 46
 72
 34
 643
 2095
 26776
 295
 7303
 2660
 2280
 428
 43
 164
 13
 27
 1
 9575
 1312
 2
 192
 9379
 102
 122
 1796
 10
 136
 102
 930
 4
 14
 962
 32
 32
 1145
 278
 449
 4047
 385
 403
 262
 115
 66
 73
 236
 856
 137
 103
 221
 1381
 343
 61
 11752
 671
 231
 8373
 560
 371
 494
 15207
 94
 43
 3
 171
 1775
 106
 272
 1816
 249
 317
 109
 13
 14009
 650
 1016
 11
 2215
 1826
 150
 144
 226
 419
 26
 334
 6732
 538
 60
 1118
 1381
 161
 3069
 2874
 68
 489
 154
 3536
 19839
 250
 151
 81
 318
 760
 16
 42
 501
 47
 7
 27
 19026
 783
 19
 282
 332
 12
 44
 8
 19
 123
 19
 119
 173
 402
 779
 27
 57
 1057
 64
 40
 35
 86
 152
 1018
 20193
 5530
 914
 2689
 288
 9
 9119
 12
 19079
 293
 22
 449
 418
 310
 12564
 4
 102
 120
 593
 989
 56
 12
 2
 1056
 934
 522
 4821
 669
 1774
 127
 645
 1115
 727
 318
 307
 17572
 58
 2872
 1895
 258
 524
 853
 215
 4572
 491
 4384
 135
 2881
 394
 165
 22
 17
 108
 455
 101
 3282
 227
 8
 131
 269
 13393
 904
 162
 108
 58
 664
 638
 1676
 32
 317
 105
 1462
 2144
 138
 191
 960
 534
 5483
 220
 39
 353
 349
 244
 139
 659
 790
 1943
 1918
 3146
 97
 541
 70
 430
 82
 89
 806
 25
 728
 682
 177
 4330
 543
 4
 1721
 52
 256
 168
 350
 576
 187
 11
 119
 29
 31
 2801
 291
 650
 1376
 375
 478
 3148
 253
 985
 52
 3264
 418
 1851
 2218
 3
 1120
 1008
 168
 156
 59
 40
 4350
 3633
 1066
 29
 1057
 133
 2956
 514
 378
 13
 211
 154
 1030
 5379
 13
 1167
 149
 134
 2097
 522
 287
 8
 257
 388
 2122
 26
 8
 40
 11563
 105
 13
 115
 512
 88
 537
 3202
 1463
 2407
 89
 205
 88
 41
 9
 344
 2102
 216
 4359
 8
 403
 578
 33
 33921
 7847
 5634
 3382
 2065
 327
 6251
 161
 44
 16
 71
 44
 11131
 2057
 5944
 252
 35
 3098
 109
 10152
 1804
 186
 192
 31
 214
 591
 3886
 570
 297
 684
 54
 386
 56
 2587
 920
 2015
 69
 36
 76
 32
 546
 64
 502
 914
 849
 5467
 24
 1087
 892
 816
 3724
 1361
 1114
 331
 128
 244
 10
 137
 587
 29
 120
 170
 1523
 98
 8908
 3950
 612
 5326
 4145
 2807
 122
 669
 386
 462
 5402
 4603
 90
 162
 3636
 68
 66
 1673
 165
 43
 338
 900
 106
 56
 400
 264
 180
 1744
 6
 2
 520
 135
 216
 663
 32943
 7169
 152
 17762
 936
 58
 2474
 6610
 6
 224
 1839
 144
 50
 32
 54
 732
 1212
 281
 583
 285
 320
 227
 274
 81
 43
 196
 169
 66
 28
 795
 3048
 69
 302
 927
 17
 30
 940
 802
 48
 13120
 366
 3023
 244
 317
 1023
 371
 4
 708
 62
 32119
 6148
 8212
 220
 2
 8
 3496
 20
 263
 145
 265
 413
 103
 2711
 233
 8958
 285
 391
 200
 119
 927
 676
 474
 346
 86
 74
 137
 170
 912
 417
 161
 3931
 167
 664
 175
 81
 997
 3206
 20775
 1238
 1836
 1346
 154
 194
 74
 1608
 50
 660
 307
 2288
 93
 868
 24
 2724
 1516
 77
 1557
 4441
 101
 4748
 42
 577
 4717
 2000
 10617
 6047
 30
 52
 1135
 340
 1050
 2144
 3063
 93
 11490
 678
 1438
 379
 238
 16
 2
 76
 15
 68
 753
 444
 193
 3905
 14
 22
 96
 1882
 373
 98
 329
 300
 16
 136
 87
 616
 1632
 445
 342
 455
 1
 6808
 542
 214
 581
 69
 462
 29
 56
 38
 24637
 8
 685
 54
 31
 897
 31
 329
 1233
 523
 328
 877
 60
 7221
 528
 3404
 2870
 7222
 311
 308
 762
 311
 2445
 105
 4749
 9215
 41
 163
 2297
 16
 245
 153
 985
 1326
 70
 1265
 135
 778
 37
 1487
 5072
 61
 747
 656
 4944
 8923
 1765
 632
 51
 4641
 50
 2949
 270
 5303
 159
 8022
 26
 4903
 107
 832
 59
 503
 383
 19
 2910
 636
 320
 5781
 4490
 1556
 384
 3898
 94
 1557
 2692
 575
 21
 346
 1057
 17572
 8637
 6
 175
 371
 977
 22
 1285
 72
 2542
 1023
 501
 231
 186
 974
 1302
 593
 51
 11189
 35
 659
 499
 353
 270
 10
 14
 1069
 20
 49
 68
 81
 1854
 99
 292
 1168
 251
 28
 555
 617
 140
 9359
 599
 426
 4800
 1215
 119
 2340
 8
 1276
 56
 57
 7964
 127
 219
 10990
 108
 3932
 411
 467
 16
 2290
 2101
 257
 81
 1367
 37
 53
 27
 821
 434
 5157
 236
 66
 157
 208
 57
 91
 5
 60
 41
 1589
 60
 2520
 14
 128
 47
 100
 7937
 33
 211
 3895
 3850
 48
 360
 5504
 991
 7
 871
 1380
 336
 545
 3342
 40
 674
 330
 45
 168
 474
 5680
 5750
 920
 345
 119
 16
 5512
 971
 1745
 8
 55
 1077
 182
 200
 270
 6310
 4974
 529
 83
 1896
 435
 2282
 262
 12666
 11
 937
 945
 4260
 20
 156
 2694
 737
 199
 61
 57
 621
 331
 31
 4185
 1793
 4406
 14
 13023
 746
 919
 2781
 260
 1694
 3835
 680
 1003
 632
 13
 499
 1750
 835
 554
 46
 30
 32
 4886
 214
 1
 26
 1968
 30
 3393
 2668
 11
 1439
 1037
 30
 112
 38
 23138
 21
 41
 155
 56
 5
 2672
 38
 99
 3705
 30
 148
 2912
 64
 769
 414
 3823
 1086
 4845
 801
 47
 32
 855
 1653
 228
 37
 3170
 260
 35
 53
 134
 86
 1067
 83
 11
 13
 23
 553
 27
 161
 3457
 3775
 120
 2131
 2037
 147
 76
 7009
 1257
 131
 342
 38
 82
 205
 69
 194
 138
 1661
 47
 12942
 9
 141
 350
 166
 1113
 282
 116
 103
 235
 9750
 1532
 50
 24
 33
 1208
 39
 56
 5400
 46
 143
 1304
 28
 47
 303
 120
 84
 362
 5228
 291
 53
 23408
 173
 2844
 2800
 3275
 1085
 1161
 21
 123
 94
 328
 26
 4184
 892
 865
 1414
 5
 5847
 303
 86
 185
 494
 544
 1733
 297
 1013
 260
 241
 51
 6
 333
 30
 1302
 136
 4
 3364
 895
 1004
 51
 17
 629
 255
 434
 49
 104
 2849
 264
 76
 2
 107
 47
 81
 138
 20
 137
 152
 124
 157
 634
 56
 1045
 1645
 684
 76
 544
 103
 3011
 172
 117
 169
 158
 809
 516
 32120
 380
 912
 24
 612
 186
 117
 32
 1550
 102
 1
 100
 1274
 254
 114
 283
 137
 43
 20
 323
 333
 657
 355
 742
 62
 1124
 434
 6434
 38
 30
 13
 29
 46
 524
 5685
 1440
 4
 136
 69
 656
 20
 85
 114
 35
 4692
 457
 62
 42
 1557
 295
 89
 91
 427
 20
 56
 2914
 70
 11468
 2665
 12155
 111
 1619
 253
 22
 244
 96
 1366
 474
 400
 27
 4201
 6161
 7
 1506
 153
 6
 6997
 359
 31
 365
 11160
 334
 63
 229
 3831
 508
 3395
 25
 230
 208
 20
 141
 77
 1676
 225
 507
 2015
 2083
 688
 386
 859
 23
 1580
 10344
 549
 6066
 25
 1111
 158
 49
 266
 164
 354
 9
 86
 415
 39
 59962
 8
 15
 36
 3748
 2314
 418
 1221
 210
 340
 163
 4038
 41
 49
 1578
 316
 72
 211
 106
 21
 30
 13
 118
 50
 452
 524
 126
 55
 19
 288
 2106
 1402
 293
 4133
 2655
 3420
 192
 150
 27
 58
 27
 3151
 1525
 18
 5282
 417
 3121
 2878
 56
 27
 869
 28
¡ 730
¢ 99
£ 92
¤ 38
¥ 1793
¦ 39
§ 74
¨ 25
© 337
ª 104
« 141
¬ 298
­ 17
® 139
¯ 283
° 61
± 36
² 127
³ 1065
´ 90
µ 86
¶ 1234
· 5142
¸ 31
¹ 168
º 10
» 130
¼ 2128
½ 1204
¾ 55
¿ 72
 283
 68
 92
 2852
 178
 187
 76
 963
 25
 1773
 1372
 186
 998
 44
 17
 3
 14
 199
 1596
 288
 1545
 14
 1091
 705
 261
 80
 20
 4910
 80
 170
 2222
 197
 49
 13
 25
 125
 2649
 843
 105
 1533
 1211
 610
 354
 697
 53
 4684
 427
 291
 1367
 388
 1416
 475
 1080
 242
 387
 104
 26
 243
 3019
 52
 392
 1223
 685
á 2
â 203
ã 258
ä 177
å 27
æ 1203
ç 81
è 246
é 118
ê 38
ë 2174
ì 472
í 9
î 109
ï 200
ð 457
ñ 278
ò 653
ó 533
ô 11106
õ 110
ö 601
÷ 802
ø 67
ù 98
ú 187
û 9589
ü 627
ý 713
þ 5
ÿ 4334
 8227
 100
 30
 738
 120
 8192
 217
 21714
 107
 1196
 17
 628
 13
 558
 1460
 528
 27
 8
 64
 13
 1089
 166
 355
 2720
 1207
 121
 44
 162
 1972
 199
 139
 249
 40
 1574
 188
 7
 48
 14819
 435
 726
 75
 18
 222
 54
 850
 955
 39
 1100
 10172
 29
 48
 547
 24
 191
 11967
 7
 647
 189
 10266
 4875
 57
 420
ġ 93
Ģ 32
ģ 1898
Ĥ 135
ĥ 511
Ħ 909
ħ 851
Ĩ 209
ĩ 933
Ī 1073
ī 749
Ĭ 631
ĭ 100
Į 300
į 110
İ 134
ı 707
Ĳ 82
ĳ 1524
Ĵ 34
ĵ 80
Ķ 208
ķ 435
ĸ 2437
Ĺ 1020
ĺ 110
Ļ 689
ļ 75
Ľ 201
ľ 2636
Ŀ 7039
 49
 433
 215
 2182
 1564
 62
 8
 14150
 583
 1303
 1
 1018
 329
 385
 278
 7488
 2506
 4713
 161
 50
 1564
 281
 482
 10
 2948
 18
 10409
 123
 19143
 163
 17
 60
 520
 1247
 442
 19420
 66
 168
 254
 50
 5
 38
 24163
 22
 9
 23
 2564
 1243
 170
 1903
 78
 121
 144
 42
 14
 8
 13
 41
 2351
 17
 21
 430
 1038
š 47
Ţ 17
ţ 970
Ť 236
ť 165
Ŧ 297
ŧ 10
Ũ 555
ũ 2249
Ū 585
ū 415
Ŭ 665
ŭ 737
Ů 6625
ů 335
Ű 68
ű 7
Ų 124
ų 21
Ŵ 27
ŵ 850
Ŷ 141
ŷ 1162
Ÿ 45
Ź 24
ź 21
Ż 49
ż 629
Ž 6
ž 38
ſ 30
 434
 143
 1570
 59
 2220
 2159
 1182
 46
 24
 2709
 288
 160
 1215
 14
 206
 105
 808
 283
 152
 224
 1252
 123
 318
 11
 12
 558
 185
 770
 243
 18
 27
 1053
 35
 252
 391
 1726
 361
 130
 367
 245
 91
 29
 118
 44
 263
 185
 142
 7
 79
 93
 1403
 83
 197
 436
 17
 1
 32
 1804
 250
 129
 58
 51
ơ 72
Ƣ 177
ƣ 205
Ƥ 1327
ƥ 336
Ʀ 31
Ƨ 90
ƨ 88
Ʃ 78
ƪ 890
ƫ 717
Ƭ 5624
ƭ 270
Ʈ 410
Ư 382
ư 18
Ʊ 2790
Ʋ 53
Ƴ 40
ƴ 252
Ƶ 472
ƶ 531
Ʒ 7054
Ƹ 268
ƹ 187
ƺ 76
ƻ 52
Ƽ 215
ƽ 6662
ƾ 495
ƿ 387
 2216
 345
 772
 223
 632
 399
 2044
 248
 646
 30
 108
 412
 419
 207
 23
 255
 308
 62
 50
 421
 28
 1558
 230
 430
 135
 176
 6344
 262
 209
 148
 1054
 2603
 132
 323
 1
 16142
 2562
 2198
 136
 17
 56
 34
 1611
 649
 117
 40
 677
 11670
 326
 131
 1737
 845
 259
 113
 4018
 7614
 117
 639
 996
 94
 7
 18
ǡ 410
Ǣ 109
ǣ 344
Ǥ 9
ǥ 2
Ǧ 135
ǧ 2875
Ǩ 531
ǩ 1680
ǫ 162
Ǭ 556
ǭ 36
Ǯ 2216
ǯ 45
ǰ 12405
Ǳ 672
ǲ 239
ǳ 484
Ǵ 44
ǵ 4
Ƕ 137
Ƿ 180
Ǹ 120
ǹ 905
Ǻ 39
ǻ 285
Ǽ 65
ǽ 985
Ǿ 6
ǿ 4546
 637
 8
 10
 230
 312
 1085
 582
 237
 189
 882
 43
 27
 73
 91
 96
 126
 2570
 38
 3715
 88
 168
 166
 605
 3587
 1451
 516
 423
 77
 140
 270
 110
 47
 4524
 2874
 39
 588
 207
 5337
 62
 146
 10
 10173
 168
 4697
 1141
 114
 584
 1606
 382
 441
 2763
 4421
 130
 76
 8
 483
 5993
 5
 2371
 112
 563
 294
 227
ȡ 4650
Ȣ 153
ȣ 18
Ȥ 1181
ȥ 14395
Ȧ 856
ȧ 24
Ȩ 2497
ȩ 6
Ȫ 581
ȫ 10226
Ȭ 30
ȭ 932
Ȯ 105
ȯ 150
Ȱ 355
ȱ 1006
Ȳ 1
ȳ 1
ȴ 4546
ȵ 58
ȶ 19
ȷ 3142
ȸ 320
ȹ 159
Ⱥ 2074
Ȼ 15223
ȼ 508
Ƚ 53
Ⱦ 691
ȿ 1
 105
 25
 91
 3609
 190
 422
 516
 142
 2359
 54
 498
 57461
 569
 54
 5220
 5134
 327
 3
 4
 102
 1957
 12749
 73
 41
 275
 1183
 829
 80
 257
 4080
 142
 23
 144
 691
 933
 19
 21
 373
 30
 14299
 250
 178
 113
 8486
 17
 1174
 31
 17
 561
 269
 13
 439
 2700
 910
 259
 210
 765
 31
 1
 768
 1911
 10607
 356
ɡ 153
ɢ 1211
ɣ 522
ɤ 56
ɥ 357
ɦ 28
ɧ 205
ɨ 319
ɩ 102
ɪ 117
ɫ 6561
ɬ 84
ɭ 516
ɮ 437
ɯ 162
ɰ 141
ɱ 2588
ɲ 440
ɳ 1520
ɴ 233
ɵ 161
ɶ 51
ɷ 158
ɸ 54
ɹ 144
ɺ 135
ɻ 1
ɼ 133
ɽ 10115
ɾ 76
ɿ 30
 274
 843
 308
 229
 23
 50
 1950
 30
 285
 41
 7
 1953
 3693
 1194
 84
 34734
 1507
 63
 106
 10
 522
 907
 7
 34
 53
 6428
 129
 74
 1327
 81
 8
 724
 196
 766
 53
 1968
 1166
 39
 593
 5089
 6229
 8
 2179
 60
 896
 9571
 3828
 3
 83
 8156
 472
 1057
 7
 3619
 130
 222
 182
 6799
 22993
 10
 214
 1287
 261
ʡ 2746
ʢ 1142
ʣ 298
ʤ 2257
ʥ 1066
ʦ 6183
ʧ 3183
ʨ 237
ʩ 2183
ʪ 319
ʫ 1946
ʬ 365
ʭ 21
ʮ 11655
ʯ 4989
ʰ 247
ʱ 29826
ʲ 5001
ʳ 2422
ʴ 125
ʵ 10374
ʶ 4039
ʷ 4300
ʸ 72
ʹ 9007
ʺ 23
ʻ 521
ʼ 4100
ʽ 5263
ʾ 3012
ʿ 4085
 7511
 43
 13268
 59
 178
 217
 2648
 77119
 74
 33
 2207
 74
 417
 1247
 1112
 1064
 6372
 54
 2317
 4575
 2858
 4173
 11497
 3768
 1641
 595
 1152
 715
 5461
 216
 510
 86
 129
 78
 809
 127
 790
 456
 559
 157
 373
 8040
 35
 82
 1176
 35
 144
 35
 394
 245
 36
 270
 2384
 8290
 1669
 1573
 997
 42
 171
 85
 69
 6194
 20
ˡ 57
ˢ 445
ˣ 97
ˤ 167
˥ 399
˦ 87
˧ 315
˨ 57
˩ 50
˪ 129
˫ 2929
ˬ 239
˭ 1385
ˮ 10408
˯ 670
˰ 542
˱ 18
˲ 182
˳ 1554
˴ 69
˵ 22088
˶ 214
˷ 286
˸ 75
˹ 3804
˺ 94
˻ 68
˼ 4540
˽ 815
˾ 3409
˿ 1240
 3944
 143
 1463
 73
 7143
 47
 2056
 729
 87
 1472
 97
 5
 183
 1758
 1852
 70
 110
 292
 126
 8
 28
 1814
 41
 967
 2798
 2164
 124
 7
 668
 114
 645
 1213
 340
 382
 19
 3150
 2666
 174
 3098
 129
 81
 401
 1834
 61
 351
 46
 34
 2189
 944
 40
 9
 71
 19
 705
 82
 1451
 274
 16221
 127
 32426
 7889
 10245
 943
̡ 22
̢ 18
̣ 10
̤ 484
̥ 375
̦ 39
̧ 449
̨ 4284
̩ 656
̫ 5713
̬ 2793
̭ 76
̮ 14
̯ 212
̰ 259
̱ 38
̲ 272
̳ 734
̴ 72
̵ 14
̶ 158
̷ 124
̸ 1921
̹ 449
̺ 85
̻ 26
̼ 84
̽ 1310
̾ 677
̿ 122
 467
 340
 18
 1898
 107
 64
 1668
 174
 193
 187
 38
 87
 71
 98
 172
 72
 9
 218
 353
 939
 86
 1154
 1247
 1633
 7503
 283
 467
 146
 8
 395
 66
 153
 3
 7359
 6825
 124
 79
 11198
 679
 7
 175
 41
 70
 15
 15128
 325
 547
 2129
 239
 44
 18
 21
 608
 4195
 39
 46
 1237
 574
 3100
 145
 989
 4416
 1
͡ 73
͢ 461
ͣ 1465
ͤ 495
ͥ 1032
ͦ 405
ͧ 151
ͨ 7761
ͩ 108
ͪ 6
ͫ 12
ͬ 12825
ͭ 857
ͮ 13
ͯ 1220
Ͱ 105
ͱ 10
Ͳ 247
ͳ 5546
ʹ 956
͵ 696
Ͷ 1999
ͷ 8120
͸ 860
͹ 98
ͺ 58
ͻ 1990
ͼ 3987
ͽ 750
; 994
Ϳ 454
 137
 2792
 349
 166
 14
 2824
 2783
 54
 542
 15
 16
 1465
 265
 280
 45
 356
 1345
 1043
 6
 210
 20
 139
 83
 194
 263
 41
 326
 87
 77
 41
 199
 569
 68
 109
 10951
 13
 354
 923
 1164
 161
 120
 17
 4236
 277
 154
 1864
 88
 17
 209
 157
 5499
 199
 205
 5959
 930
 103
 4727
 4133
 419
 4032
 766
 147
 1438
Ρ 62
΢ 1744
Σ 866
Τ 605
Υ 392
Φ 42
Χ 2790
Ψ 766
Ω 202
Ϊ 37524
Ϋ 19
ά 2048
έ 38
ή 40
ί 2506
ΰ 799
α 254
β 760
γ 94
δ 3628
ε 73
ζ 1497
η 182
θ 114
ι 333
κ 757
λ 8426
μ 104
ν 1311
ξ 151
ο 246
 1735
 20
 2816
 40
 14633
 1678
 709
 207
 723
 63
 8310
 48
 236
 33
 14
 19
 58
 254
 36716
 81
 278
 1256
 152
 439
 66
 11
 530
 574
 48
 1279
 11870
 47
 63
 380
 2003
 71
 3771
 5460
 19
 1013
 2026
 394
 88
 220
 75
 263
 40
 10250
 177
 4784
 605
 1001
 187
 399
 1036
 8656
 1
 175
 153
 1403
 402
 158
ϡ 304
Ϣ 4235
ϣ 1884
Ϥ 594
ϥ 174
Ϧ 174
ϧ 460
Ϩ 75
ϩ 12
Ϫ 316
ϫ 12
Ϭ 77
ϭ 13
Ϯ 469
ϯ 1269
ϰ 2786
ϱ 63
ϲ 2699
ϳ 8
ϴ 770
ϵ 7341
϶ 191
Ϸ 2009
ϸ 2126
Ϲ 103
Ϻ 109
ϻ 38
ϼ 204
Ͻ 230
Ͼ 108
Ͽ 340
 870
 180
 21100
 445
 1298
 293
 126
 1
 7280
 857
 949
 224
 201
 426
 122
 15
 483
 18
 277
 172
 2508
 1432
 14585
 1283
 1868
 17
 16
 84
 163
 510
 1701
 3590
 9946
 159
 128
 2720
 699
 180
 410
 1122
 146
 418
 587
 9878
 3223
 798
 2981
 161
 62
 3319
 8719
 5740
 774
 33
 40
 346
 12
 67
 904
 2580
 65
 17
 584
С 12988
Т 354
У 3452
Ф 580
Х 94
Ц 3634
Ч 2403
Ш 50
Щ 9259
Ъ 167
Ы 56
Ь 334
Э 2423
Ю 92
Я 353
а 382
б 348
в 259
г 249
д 3203
е 408
ж 108
з 70
и 80
й 229
к 63
л 1056
м 83
н 142
о 60
п 19
 530
 587
 9597
 5
 14088
 7674
 22
 2908
 58
 85
 26
 2721
 289
 3108
 7408
 41
 16073
 655
 982
 63
 9184
 1354
 1392
 457
 630
 115
 68
 1276
 334
 836
 3871
 168
 114
 40
 36
 1499
 742
 231
 90
 134
 3516
 1162
 33
 2534
 797
 3993
 327
 16
 321
 73
 912
 155
 64
 50
 59
 661
 2189
 568
 106
 1637
 369
 616
 613
ѡ 3550
Ѣ 5
ѣ 63
Ѥ 63
ѥ 55
Ѧ 87
ѧ 21343
Ѩ 467
ѩ 1166
Ѫ 1270
ѫ 161
Ѭ 75
ѭ 356
Ѯ 236
ѯ 729
Ѱ 1145
ѱ 177
Ѳ 352
ѳ 48
Ѵ 21
ѵ 1345
Ѷ 753
ѷ 193
Ѹ 700
ѹ 1412
Ѻ 179
ѻ 170
Ѽ 113
ѽ 557
Ѿ 59
ѿ 118
 698
 2
 257
 150
 156
 794
 359
 2231
 107
 564
 141
 4
 688
 165
 274
 1962
 5084
 35
 566
 883
 3800
 556
 123
 701
 986
 34
 313
 3946
 145
 4463
 336
 113
 620
 227
 166
 125
 2
 93
 120
 254
 46
 2254
 32
 1434
 41
 96
 1478
 1096
 25
 6
 517
 1081
 3428
 220
 452
 43
 2203
 8941
 53
 594
 660
 166
 109
ҡ 962
Ң 122
ң 284
Ҥ 394
ҥ 66
Ҧ 102
ҧ 293
Ҩ 4
ҩ 1362
Ҫ 25504
ҫ 285
Ҭ 10
ҭ 28
Ү 173
ү 737
Ұ 1293
ұ 184
Ҳ 23223
ҳ 674
Ҵ 19
ҵ 9800
Ҷ 1113
ҷ 25
Ҹ 26
ҹ 1478
Һ 519
һ 92397
Ҽ 21
ҽ 1464
Ҿ 52
 1927
 573
 2142
 85
 342
 1717
 2073
 925
 13
 1205
 31
 1057
 69
 65
 325
 73
 131
 10478
 307
 432
 32253
 5128
 216
 3216
 224
 32
 555
 527
 26
 340
 6
 99
 1364
 130
 10406
 226
 602
 4480
 1274
 146
 64
 2738
 211
 513
 1929
 275
 27
 90
 36
 91
 9916
 293
 4378
 1565
 227
 274
 1669
 121
 162
 805
 119
 2517
 990
ӡ 2549
Ӣ 2958
ӣ 55
Ӥ 320
ӥ 749
Ӧ 7916
ӧ 34
Ө 101
ө 39
Ӫ 1916
ӫ 107
Ӭ 77
ӭ 1228
Ӯ 338
ӯ 534
Ӱ 8016
ӱ 218
Ӳ 694
ӳ 1222
Ӵ 73
ӵ 966
Ӷ 135
ӷ 8
Ӹ 4
ӹ 249
Ӻ 217
ӻ 31
Ӽ 36
ӽ 204
Ӿ 146
ӿ 386
 1253
 5
 571
 18511
 462
 2028
 349
 394
 998
 8603
 5258
 3
 505
 1589
 5157
 94
 59425
 2941
 2462
 128
 220
 324
 10137
 786
 30
 78
 20295
 26
 38
 91
 169
 132
 2290
 100
 79
 1576
 173
 37
 322
 80
 857
 400
 1233
 14368
 83
 116
 877
 3435
 954
 1784
 1556
 14
 366
 112
 1507
 246
 36
 521
 453
 1144
 348
 3476
 892
ԡ 279
Ԣ 254
ԣ 867
Ԥ 1402
ԥ 207
Ԧ 47
ԧ 42
Ԩ 232
ԩ 158
Ԫ 5602
ԫ 100
Ԭ 2069
ԭ 6995
Ԯ 502
ԯ 68
԰ 2229
Ա 6486
Բ 1202
Գ 97
Դ 2192
Ե 859
Զ 3082
Է 154
Ը 1718
Թ 372
Ժ 3902
Ի 1841
Լ 3135
Խ 3364
Ծ 771
Կ 216
 465
 116
 7904
 254
 616
 44
 2079
 10
 189
 46
 365
 4780
 173
 35
 148
 281
 148
 21
 110
 1665
 128
 134
 959
 291
 1413
 6197
 59345
 605
 45
 452
 760
 48
 330
 602
 692
 209
 167
 67
 55
 2974
 74
 12
 140
 107
 4300
 73
 38
 161
 1698
 1156
 5074
 1372
 349
 2883
 2195
 41
 3039
 297
 426
 9
 46
 92
 30
ա 5
բ 161
գ 67
դ 68
ե 24
զ 18
է 47
ը 523
թ 128
ժ 200
ի 227
լ 435
խ 135
ծ 168
կ 322
հ 59
ձ 47
ղ 94
ճ 212
մ 143
յ 69
ն 191
շ 41
ո 81
չ 9021
պ 42
ջ 51
ռ 1617
ս 5590
վ 3107
տ 166
 69
 22
 1807
 89
 62
 4667
 2125
 264
 191
 775
 511
 84
 298
 133
 11
 639
 1700
 353
 2830
 63
 1227
 3099
 161
 146
 47
 736
 160
 1041
 574
 7
 35
 11424
 5
 28
 39144
 466
 920
 72
 6026
 23
 4
 95
 245
 916
 152
 110
 2
 156
 771
 639
 1167
 1042
 195
 227
 201
 1689
 12
 2936
 198
 3646
 74
 9223
 5712
֡ 19
֢ 132
֣ 817
֤ 4486
֥ 238
֦ 455
֧ 2405
֨ 33
֩ 31
֪ 9349
֫ 145
֬ 217
֭ 113
֮ 28901
֯ 2397
ְ 1730
ֱ 4918
ֲ 634
ֳ 463
ִ 1146
ֵ 2055
ֶ 121
ַ 1024
ָ 5184
ֹ 1607
ֺ 90
ֻ 11208
ּ 467
ֽ 1059
־ 4006
ֿ 77
 207
 6130
 2118
 2216
 88
 52
 8200
 1492
 110
 80
 3845
 44
 8
 156
 3157
 20
 45926
 7
 431
 1316
 176
 2389
 14085
 78
 9773
 433
 3982
 324
 3766
 3089
 1395
 10
 34
 245
 99
 15
 103
 206
 522
 91
 167
 972
 131
 60
 1011
 239
 1403
 90
 1271
 995
 153
 118
 12
 84
 96
 12693
 4035
 708
 2598
 38
 87
 275
 2063
ס 4590
ע 3147
ף 583
פ 413
ץ 944
צ 260
ק 38
ר 4374
ש 345
ת 3715
׫ 249
׬ 147
׭ 195
׮ 127
ׯ 952
װ 3155
ױ 322
ײ 455
׳ 623
״ 2312
׵ 42
׶ 118
׷ 1489
׸ 30
׹ 147
׺ 80
׻ 19
׼ 3407
׽ 303
׾ 100
׿ 233
 533
 90
 14
 64
 50
 12480
 76
 117
 174
 358
 4584
 416
 234
 20
 56
 937
 442
 47
 10
 20449
 20434
 39
 4643
 6
 139
 381
 1962
 722
 4761
 744
 44
 5257
 730
 18
 532
 3129
 353
 3600
 1420
 25
 645
 4127
 292
 60
 748
 294
 10308
 696
 982
 332
 424
 2709
 185
 2
 4823
 20872
 1816
 1792
ء 2
أ 148
ؤ 131
إ 61
ئ 5
ا 19
ب 19
ة 130
ت 6
ث 1
ج 24
خ 41
ذ 52
ز 56
س 554
ش 3
ص 15
ط 13
ظ 6
ع 24
غ 5
ػ 1
ؽ 33
ؾ 19
ؿ 3
 5
 44
 6
 17
 18
 64
 51
 9
 20
 1
 23
 61
 4
 843
 2
 4
 13
 1
 1
 1
 2
 96
 1
 3
 12
 22
 19
 13
 19
 1
 2
 33
 2
 13
 1
 1
 5
 1
 2
 2
 13
 16
 23
 85
 4
١ 13
٢ 12
٤ 71
٥ 8
٦ 2
٧ 1
٩ 69
٪ 7
٫ 1
٬ 6
٭ 3
ٮ 42
ٯ 36
ٰ 2
ٱ 4
ٲ 22
ٳ 8
ٴ 6
ٵ 21
ٶ 17
ٸ 216
ٹ 19
ٺ 25
ٻ 141
ټ 12
ٽ 5
پ 1
ٿ 76
 2
 42
 15
 4
 2
 1
 5
 1
 45
 26
 4
 38
 1
 9
 3
 2
 25
 6
 2
 10
 1
 14
 1
 2
 3
 9
 5
 9
 3
 2
 157
 15
 5
 2
 36
 23
 3
 22
 8
 23
 8
 6
 22
 15
 14
 14
 3
 118
 20
 3
 5
 11
 10
ڡ 1
ڣ 126
ڤ 112
ڦ 2
ڧ 6
ڨ 10
ک 18
ڪ 2
ګ 25
ڬ 46
ڭ 51
ڮ 9
گ 169
ڰ 1
ڱ 3
ڲ 3
ڳ 1
ڵ 19
ڶ 20
ڸ 3
ڹ 61
ں 5
ڻ 19
ڼ 6
ڽ 11
ھ 14
ڿ 8
 1
 6
 11
 3
 8
 1
 64
 8
 40
 54
 18
 41
 10
 31
 39
 9
 10
 2
 2
 8
 1
 1
 12
 5
 57
 42
 35
 8
 2
 18
 14
 4
 23
 3
 8
 11
 1
 3
 5
 14
 1
 12
ۡ 23
ۢ 6
ۣ 11
ۤ 3
ۥ 1
ۦ 5
ۧ 1
۩ 3
۪ 14
۫ 28
۬ 2
ۭ 1
ۮ 1
ۯ 2
۰ 4
۱ 4
۲ 1
۳ 8
۴ 4
۵ 12
۶ 20
۷ 2
ۺ 1
ۻ 34
ۼ 6
۽ 1
ۿ 12
 13
 4
 3
 31
 32
 18
 4
 5
 18
 3
 20
 1
 24
 9
 36
 229
 1
 1
 217
 7
 3
 9
 1
 7
 53
 10
 1
 2
 7
 2
 1
 17
 11
 1
 1
 3
 6
 14
 1
 8
 19
 3
 1
 4
ܡ 1
ܢ 1
ܤ 8
ܦ 10
ܧ 10
ܩ 1
ܫ 3
ܬ 7
ܭ 3
ܯ 4
ܰ 108
ܱ 1
ܲ 25
ܷ 2
ܸ 8
ܻ 3
ܼ 5
ܽ 106
ܿ 43
 21
 5
 4
 148
 11
 2
 17
 1
 4
 1
 4
 7
 5
 1
 10
 2
 5
 13
 1
 34
 12
 13
 4
 1
 15
 49
 1
 1
 6
 3
 6
 14
 13
 11
 1
 3
 32
 43
 36
 40
 3
 6
 1
 4
 16
ݡ 2
ݣ 4
ݥ 4
ݩ 2
ݪ 9
ݫ 1
ݬ 1
ݭ 6
ݮ 15
ݯ 2
ݰ 12
ݱ 53
ݵ 1
ݶ 7
ݷ 22
ݸ 52
ݺ 81
ݻ 1
ݼ 14
ݽ 1
ݿ 2
 4
 1
 16
 3
 2
 2
 1
 1
 3
 72
 7
 1
 13
 10
 4
 16
 2
 2
 26
 1
 2
 13
 25
 20
 1
 9
 13
 7
 4
 40
 6
 2
 5
 7
 1
 2
 61
ޢ 9
ޣ 5
ޤ 17
ޥ 28
ާ 7
ޫ 1
ެ 55
ޭ 6
ޮ 1
ޯ 2
ް 8
ޱ 134
޲ 1
޴ 6
޵ 5
޶ 1
޹ 49
޺ 16
޻ 1
޼ 8
޽ 1
޾ 1
޿ 6
 1
 11
 1
 90
 1
 7
 10
 30
 18
 14
 3
 89
 89
 6
 7
 2
 8
 109
 29
 6
 6
 4
 2
 19
 1
 4
 16
 33
 2
 5
 16
 14
 1
 2
 4
 9
 1
 4
 6
 1
 22
 12
 4
 1
 5
 1
 2
 13
 2
 2
ߡ 12
ߢ 19
ߣ 3
ߥ 1
ߦ 5
ߪ 7
߬ 14
߭ 1
߮ 23
߯ 15
߰ 1
߱ 20
߲ 4
߳ 72
ߴ 35
ߵ 80
߶ 53
߷ 6
߸ 15
ߺ 21
߽ 9
߿ 7
 2
 3
 11
 27
 12
 8
 14
 7
 48
 6
 29
 6
 3
 2
 1
 10
 5
 7
 24
 29
 1
 1
 7
 12
 11
 17
 12
 33
 14
 13
 21
 24
 34
 17
 46
 8
 1
 8
 1
 20
 1
 21
 18
 4
 6
 7
 6
 7
 6
 3
 16
 5
 1
 34
 2
 21
 23
 11
 13
 132
 6
 4
 17
 12
 19
 18
 6
 9
 16
 102
 13
 58
 46
 4
 16
 5
 5
 8
 28
 22
 1
 76
 4
 9
 4
 2
 7
 100
 10
 1
 29
 4
 5
 13
 5
 1
 19
 6
 1
 22
 29
 3
 63
 9
 24
 4
 1
 7
 8
 2
 6
 7
 25
 3
 3
 3
 5
 7
 26
 4
 4
 20
 2
 3
 6
 2
 4
 3
 53
 9
 21
 4
 8
 28
 12
 1
 22
 19
 2
 2
 15
 97
 3
 3
 8
 14
 23
 3
 56
 5
 9
 8
 3
 3
 8
 5
 3
 13
 68
 9
 1
 4
 10
 1
 6
 4
 55
 98
 1
 19
 8
 5
 42
 5
 57
 3
 11
 5
 1206
 16
 93
 4
 15
 29
 51
 3
 29
 1
 4
 38
 2
 1
 6
 9
 4
 59
 1
 4
 1
 1
 1
 1
 25
 7
 3
 15
 9
 1
 14
 7
 13
 5
 2
 1
 23
 1
 1
 1
 4
 1
 65
 1
 12
 3
 43
 2
 68
 4
 4
 19
 3
 7
 1
 20
 3
 19
 1
 4
 1
 129
 13
 11
 2
 6
 3
 20
 1
 22
 17
 1
 22
 12
 4
 30
 17
 6
 5
 3
 5
 56
 6
 16
 6
 8
 3
 64
 10
 6
 33
 18
 2
 25
 5
 21
 35
 10
 5
 6
 1
 24
 19
 12
 69
 17
 82
 31
 15
 1
 84
 62
 17
 4
 4
 8
 10
 23
 30
 23
 2
 10
 3
 4
 13
 2
 1
 15
 193
 1
 54
 1
 4
 2
 1
 8
 3
 10
 2
 6
 56
 17
 88
 5
 7
 9
 1
 10
 12
 7
 51
 71
 3
 73
 6
 3
 54
 37
 1
 1
 1
 4
 42
 8
 34
 17
 4
 1
 1
 13
 55
 18
 19
 48
 9
 9
 1
 3
 1
 1
 7
 8
 2
 6
 6
 9
 8
 247
 78
 5
 4
 1
 11
 23
 26
 15
 1
 23
 57
 49
 24
 53
 35
 26
 2
 1
 12
 7
 10
 1
 23
 25
 7
 1
 2
 11
 2
 38
 11
 3
 5
 4
 1
 13
 42
 14
 2
 4
 3
 7
 3
 21
 2
 81
 46
 6
 5
 2
 4
 25
 10
 18
 2
 8
 1
 1
 41
 12
 24
 1
 18
 17
 8
 17
 12
 20
 10
 15
 10
 43
 37
 1
 2
 21
 1
 40
 5
 3
 5
 10
 2
 7
 13
 2
 24
 15
 1
 2
 36
 13
 23
 114
 11
 8
 2
 1
 5
 3
 40
 4
 28
 8
 2
 1
 6
 45
 40
 15
 1
 3
 22
 11
 14
 11
 8
 5
 43
 3
 18
 2
 15
 4
 15
 4
 6
 1
 2
 2
 31
 6
 59
 6
 1
 167
 26
 21
 10
 3
 207
 6
 103
 11
 1
 2
 2
 68
 85
 18
 10
 3
 4
 12
 5
 2
 2
 8
 80
 27
 21
 1
 22
 14
 5
 6
 15
 52
 128
 4
 25
 58
 13
 4
 2
 20
 7
 18
 2
 41
 3
 9
 10
 2
 45
 6
 3
 2
 4
 6
 3
 20
 1
 12
 4
 8
 13
 31
 2
 131
 8
 8
 17
 12
 11
 34
 1
 2
 5
 6
 10
 4
 5
 25
 2
 7
 32
 9
 13
 15
 1
 7
 3
 2
 1
 14
 1
 13
 1
 3
 5
 54
 12
 2
 697
 53
 28
 1
 1
 23
 9
 2
 11
 1
 1
 36
 18
 4
 1
 3
 8
 7
 13
 16
 8
 8
 13
 5
 35
 14
 2
 1
 79
 2
 1
 36
 4
 25
 3
 1
 11
 12
 31
 7
 6
 9
 6
 34
 43
 5
 8
 26
 6
 4
 6
 4
 53
 2
 3
 1
 15
 62
 8
 27
 99
 97
 25
 13
 4
 9
 9
 8
 7
 9
 27
 2
 32
 29
 6
 1
 54
 22
 8
 25
 2
 14
 98
 26
 23
 5
 16
 61
 4
 5
 12
 32
 3
 22
 2
 2
 5
 8
 1
 32
 1
 30
 30
 4
 6
 5
 20
 28
 4
 10
 6
 1
 1
 2
 7
 3
 4
 2
 11
 4
 23
 1
 1
 11
 7
 8
 15
 3
 23
 13
 32
 32
 11
 1
 63
 71
 9
 32
 1
 13
 11
 1
 6
 1
 3
 13
 8
 11
 5
 1
 28
 9
 3
 40
 16
 4
 1
 11
 11
 4
 26
 18
 9
 76
 8
 30
 5
 2
 27
 13
 1
 4
 2
 2
 13
 1
 2
 35
 3
 13
 2
 27
 8
 13
 3
 40
 7
 158
 1
 1
 8
 3
 7
 2
 6
 1
 4
 8
 1
 4
 1
 6
 4
 10
 5
 40
 4
 1
 24
 9
 2
 39
 3
 2
 43
 10
 10
 21
 12
 2
 11
 8
 4
 33
 72
 2
 4
 2
 19
 48
 1
 3
 1
 11
 2
 1
 1
 1
 96
 12
 15
 3
 8
 3
 5
 14
 13
 5
 1
 18
 35
 15
 4
 11
 15
 18
 2
 2
 1
 16
 13
 14
 17
 2
 22
 15
 2
 5
 41
 4
 5
 1
 1
 25
 9
 3
 14
 1
 7
 45
 3
 19
 15
 6
 2
 9
 1
 6
 9
 10
 4
 18
 7
 1
 1
 1
 2
 1
 1
 1
 2
 4
 4
 28
 25
 9
 12
 23
 12
 1
 1
 1
 10
 10
 105
 75
 2
 8
 34
 3
 1
 7
 4
 17
 10
 4
 20
 19
 58
 30
 4
 1
 11
 6
 23
 1
 1
 2
 15
 3
 2
 1
 1
 45
 3
 15
 71
 7
 5
 7
 17
 5
 2
 46
 30
 15
 39
 14
 3
 4
 5
 17
 416
 3
 17
 769
 1
 10
 3
 19
 11
 11
 11
 9
 17
 2
 37
 3
 6
 14
 2
 3
 1
 10
 4
 3
 2
 2
 3
 2
 1
 6
 10
 26
 2
 10
 5
 13
 24
 20
 51
 26
 4
 1
 30
 22
 243
 1
 3
 12
 7
 1
 22
 2
 10
 191
 148
 2
 19
 349
 2
 132
 4
 6
 6
 4
 4
 8
 8
 25
 32
 1
 2
 13
 1
 27
 8
 9
 10
 26
 6
 70
 13
 15
 1
 1
 8
 20
 17
 1
 19
 18
 1
 1
 1
 1
 1
 4
 5
 2
 1
 12
 4
 1
 28
 2
 5
 41
 108
 2
 5
 2
 2
 9
 6
 12
 2
 5
 55
 53
 12
 5
 1
 16
 16
 1
 45
 14
 11
 13
 5
 23
 31
 4
 57
 1
 1
 3
 2
 2
 7
 5
 20
 1
 4
 11
 4
 3
 40
 1
 3
 5
 8
 39
 14
 73
 1
 32
 7
 1
 15
 2
 3
 28
 1
 11
 2
 6
 6
 1
 5
 2
 30
 9
 55
 26
 2
 4
 4
 16
 23
 16
 2
 5
 11
 4
 2
 78
 3
 8
 8
 1
 20
 2
 8
 13
 11
 2
 5
 8
 13
 1
 8
 1
 16
 3
 38
 30
 2
 37
 1
 3
 1
 344
 14
 1
 13
 9
 1
 4
 5
 2
 18
 8
 179
 1
 32
 9
 3
 9
 7
 10
 9
 12
 8
 54
 4
 12
 12
 11
 15
 17
 40
 16
 9
 36
 29
 5
 12
 6
 6
 2
 12
 10
 2
 1
 4
 69
 27
 10
 2
 1
 19
 1
 4
 8
 9
 22
 2
 13
 7
 30
 4
 1
 39
 37
 4
 9
 1
 2
 2
 7
 4
 1
 1
 4
 1
 6
 6
 3
 3
 15
 2
 1
 3
 3
 9
 3
 16
 1
 16
 3
 1
 49
 1
 7
 1
 14
 27
 5
 22
 2
 35
 15
 11
 90
 17
 5
 3
 2
 1
 10
 32
 8
 1
 17
 1
 12
 5
 4
 3
 3
 12
 41
 17
 9
 2
 4
 10
 2
 9
 23
 4
 4
 1
 2
 85
 1
 6
 24
 2
 6
 7
 11
 3
 1
 53
 1
 4
 34
 8
 3
 2
 5
 4
 27
 8
 18
 25
 16
 7
 56
 6
 7
 51
 36
 7
 2
 2
 3
 2
 2
 1
 1
 14
 1
 40
 102
 2
 3
 2
 2
 9
 6
 40
 2
 1
 2
 4
 1
 1
 19
 2
 17
 63
 7
 6
 16
 1
 7
 1
 14
 6
 5
 21
 8
 8
 2
 15
 33
 11
 4
 1
 1
 164
 2
 4
 7
 158
 1
 2
 1
 8
 12
 10
 23
 5
 3
 9
 22
 3
 2
 20
 36
 1
 43
 38
 2
 9
 9
 4
 5
 7
 20
 5
 41
 31
 3
 3
 1
 4
 2
 35
 32
 4
 1
 6
 10
 2
 3
 46
 79
 15
 53
 1
 5
 2
 2
 15
 2
 1
 3
 70
 18
 6
 1
 3
 16
 1
 4
 28
 16
 2
 1
 5
 8
 16
 19
 13
 6
 17
 11
 1
 8
 1
 7
 3
 16
 3
 1
 1
 1
 10
 19
 17
 200
 19
 3
 7
 9
 132
 6
 6
 1
 6
 1
 4
 15
 16
 3
 5
 3
 10
 7
 3
 15
 59
 36
 18
 7
 6
 21
 4
 57
 2
 14
 14
 18
 5
 14
 1
 4
 7
 5
 1
 4
 17
 1
 5
 4
 1
 9
 5
 12
 2
 4
 8
 5
 2
 1
 7
 7
 1
 9
 14
 24
 2
 4
 1
 32
 7
 9
 5
 9
 37
 1
 1
 11
 1
 11
 9
 63
 4
 3
 3
 21
 20
 37
 5
 26
 3
 2
 7
 3
 1
 11
 32
 35
 8
 1
 14
 27
 11
 40
 1
 15
 3
 3
 13
 15
 1
 2
 1
 5
 28
 2
 2
 1
 17
 19
 9
 3
 1
 3
 6
 1
 62
 9
 30
 23
 34
 5
 1
 4
 48
 12
 1
 3
 3
 1
 2
 2
 2
 4
 5
 3
 24
 2
 25
 12
 15
 58
 2
 1
 5
 1
 3
 5
 17
 18
 5
 3
 1
 31
 3
 3
 3
 5
 4
 38
 21
 49
 1
 87
 1
 1
 2
 3
 1
 10
 1
 70
 6
 1
 20
 11
 1
 1
 1
 6
 6
 3
 2
 3
 13
 22
 54
 1
 3
 1
 40
 27
 21
 25
 2
 28
 17
 1
 231
 3
 9
 4
 1
 4
 4
 24
 2
 16
 16
 1
 51
 37
 39
 2
 8
 4
 33
 6
 5
 539
 16
 1
 6
 2
 9
 25
 20
 6
 20
 98
 132
 7
 27
 6
 4
 7
 3
 4
 1
 38
 1
 1
 2
 12
